$ANSIBLE_VAULT;1.1;AES256
31663364353537306330383663643664383664373833623333663964346136623630653030373434
3437613265613131343664383963373935373031373030610a353264333134393330356234303965
33383038666661383461393761643638663163333663383138656536396433643664643462643265
3061343662393436660a386164653138393139353733613730623663323264656433623563393034
39663435306465316538353362633838346234306133653564336238313164383662383030616461
63333836333732376461303234346162383232623063636434346235383436393630633030646639
36376537666538633330383866613331306231666634353165306335336236333430633237613736
64313966303762343366373334626162346337373030663335646638346466363634633538353537
36356437353131326261353135613764623366646139303636656330646135636665313261653136
34376633633936623935376130373162353266393362623632396236313062333062626466326334
33383361373662326264646262306166336264383633613639363330326265623064336230623430
61366361386537666339666637313964366637313364336363383031646435323835653834383831
30396565656266633265323636376638623136353766656639333966336664633862343336393533
64383136333763643263646339356335306661643264636231336434663265313635626462303031
39306338356562356130383633653430326161643462333730613661373864623265633165656366
64316430336163383536663064656336346134323764336563373930393134376464373762306530
66356439666439356230396663316438366562633764356263616633633031316266323663643164
31326132396132656339336331663063383133656337393039346361343839633931323736653536
33616236313464666261303834313163363663646330663833663336386665346138633238663931
31366431343532363038323336313130623666633739323337396439313537663834653939643133
34383765636265633236393037386262356330316634633530613631353565386166666466646130
36333465356231316637313535326364363965313339333362323138316130373235666235643831
64656637623861343162616138663030333062363166373062663036663835313365613831633961
35663364373465396561623632636636626463636262326138663264346366656339323634663939
35333233356531613434356563313061653765666534623664336532393037376239323065303630
36373865386262336339386462313263613031306539636532656261333461623138323831393832
31616561636635663133323663306539363561306566653239313838616466653236333736376330
30313332643639366330666633306434323234373965623163373931383331356132613539306439
39383336306131626238386336333134633064366161663735613632643237326136363962663564
37353764393632623134613938353631326139373330396361303735636236653539643564653139
66363033343664323936303566343537623536366232616431393365383038616232316636623634
64333637643035383561613030663534353463336431326333656636633463316334613339653439
64646663323337633366663432623736303863333331333033343031643539663435353263396462
31323762366432623563373936363764333330333535623939323733633633616336646435646635
65653235663165646332306137623339613262316666376131333634353531643762366663623166
34346564633131323462396234323336656633376566353832613165303438646636373365336431
38326664316238383533356238393534623363633632366166663363356161633131366630326534
32313830323333373564386561373231336231313730663538366563343634663165393838633763
35363262376464353731663436386165656630383735363136616237386239666337633837626434
35376431343764306564353863663264333664383763623539306562343663366538633833616334
64386564653335313734346537653133366339656138393562666563363438333664343338343233
61356666313535306566626131663738373336613565346139353534616237383632393933396237
64376137323462633762383430613836663938396130343334323736323337363131343936336361
62353163653165656366613036343566643263623132333861343165326563643563306639633139
38363836346434663733343064373435613564363164643136373334613964316434363739633061
62343430323365656233396133346536666233363737636366633364613232646133323133626264
31373732353638353037373437313566346430343664643637363364393631636437373966316565
66333832636338383339643535643065336666396534643638616265626164313563353139376262
61346565653763313935363833643634383037303861396165383663623863653632626434376635
35386633346235303633343264633433633933636138393164666635376136653362646461346564
32373062346162333061343335306334313430663038316462333536383565613061346332393132
39373737316130633837636234616633316664353230336436376639613138363637396537616433
36623231623933626531353636376661663066646233616662366637326636616661316138306162
61306531383564303762343438386635303036376162643231386130333833363363326261653063
38353734333133633665383463613565643832333164396334636139383032396234653531323136
32666262666338363030333636633637326333353535313832313164643366333238616532346636
35663737366566616436356636346631373436626634356364393138653533666463653662653162
38646237613861306539393166353463396231656133376365323435613139333134323232653230
63613934663966363030366332653163623334363530303631626666636662363661653264373435
34616533646436356538636632666431336666623566626231353861613464336634323231316166
64303732663934643131643130666565613338616561353730333137636636646262653336393535
36353663356238383665323338366534646364633638666532643538633562643332643633313436
37336364343534366334666233636333303161666436336561313433366538366134636261643662
62623134333332623138343635363165373539333836366430666331363139636431633862366463
39343537383231363766373237323238323138353666333164383533353661643864633762336264
33653764646536623135346262306532333536613564393931643961333830363832616365613430
38333830353261336164643539616365356233663435626435323330663438373633613035393665
39623166346133326535633363316631353863356531613036333632343563656632303031393631
66336330646264363537326634656332383238626238353339613130613336363962633664373936
66313462373961346563363365613362626666363361316536613432346465646665306238623030
35353566316131316331393236373864363164633831306330643765633939613837333836366461
62386166636564613534396338666233623265313166663938633038353232613561653037623632
39306465376162623266303265316230356264346564303235623065353137643633346431346437
65396434636136303533386435376261336330363264306464313235633465383363633964626665
37346136356338386561336532313964306166353339633464656139636163346333643863633234
63663736393663346563356563646262636339623434356138626330306438306538613138393839
33613064643863653266636663346664666639343063383238623331313966356364633065613030
33656339666161383766306434653436613231666265393439356365366334373737383563653064
33343832396531373338326531626232383664343666313137326339623133636565366363646338
66376536646262616662313663616666353361653432346161303161633030633763363431643132
64653535643962373461376531336464393234613231353035333765383963343530643461376661
30626164313966353537633364336466633965613563343563643932356166356334626333346237
37636566343530356533643062353437616130633433313432613966646236666563663838336161
30646132306431313763633166393839323265623161663236613039316261663934383036376437
38393635313761373466323261343231633931343638326438323063623061346364373038303131
66373137343238373361666262343036663038353531643566353336663861646532373631353732
35303534346261333861336631613538323839666333326337383333396334346461326261356430
64613534636332343738
